1.2570498298603598	1.218066014731005 1.296287561418498 
1.1995398133033675	1.1607979715985282 1.2386441129579677 
1.206529808467006	1.1670628908583869 1.2462756455735944 
1.2316230800253924	1.1939329026746839 1.2695974586632732 
1.1854391929891515	1.1492082189004413 1.221900267678534 
1.2027375406227458	1.1645893679253096 1.2412130967161898 
1.2244371249124075	1.186469475930478 1.2627538854323075 
1.2257686979158904	1.1884160325228343 1.2635356052245883 
1.1851986264559806	1.1468838431828379 1.2237539786838592 
1.197345367795184	1.1585225230373828 1.2364157567039045 
1.2184485773163016	1.1795336624537163 1.2576756489935423 
1.2084356839899717	1.1704431951347025 1.2467233496035321 
1.206636942895291	1.1692503729519945 1.2443554036800308 
1.1872706355201965	1.1481075153199578 1.2267055505738025 
1.2012108305083806	1.1644868852589154 1.2381585540418634 
1.1964996106650851	1.1568853380843587 1.2363258838802669 
1.210846160365285	1.1730573675696956 1.2489223266430154 
1.200639763219713	1.1615029310039477 1.240013689962998 
1.244302282688814	1.2057205448276032 1.2832191402152118 
1.239554812607573	1.2011808279263818 1.2781935072263098 
1.1806148119292983	1.1411738381687353 1.2202086316049516 
1.2255850388511413	1.184728374953568 1.2666896887853603 
1.2492375548952588	1.2116183910973826 1.287184985688822 
1.2113881060549907	1.171927930301053 1.2510915840293182 
1.205581669564093	1.1679795564920572 1.2434430715825115 
1.2083478883237468	1.1702871202649938 1.2466583415802015 
1.1695438121047015	1.131407624025159 1.2078591440703716 
1.2285715274419977	1.189333476457693 1.2680226199427138 
1.1858120650792827	1.1476614519896318 1.2242462787519994 
1.2349469112255107	1.1939263606651638 1.2761815089234312 
1.2379382133322747	1.1996624262978297 1.2764885129557832 
1.1866245212237676	1.1477038972527405 1.2257691432783273 
1.2014727780198458	1.1620911759166608 1.2411191349136588 
1.232933796142223	1.194485510232621 1.271633464860368 
1.1861983592700414	1.1495999220837712 1.2231302676932039 
1.23038524506146	1.1929677802622303 1.268153624578587 
1.2479140386101653	1.2087261905938607 1.2873410641389307 
1.1866259329275048	1.147966114715624 1.225583551158255 
1.2028218828247021	1.1641644380560123 1.2417779933474025 
1.2127364223197512	1.1741885989671281 1.2515492313252103 
1.1585477661111327	1.1209178546481222 1.1964714707280453 
1.20491130246946	1.166604166815548 1.2434648296801631 
1.2109377087379978	1.1729989033858197 1.2491263372477088 
1.194175786198793	1.1562999944097712 1.2322733761758449 
1.218995130295155	1.1803470852318603 1.2579447131292463 
1.1681211039247243	1.1283583468246356 1.2081514813183083 
1.2368463586563578	1.1957830828166596 1.2780883980452054 
1.2281422872212306	1.1887882699468968 1.2677394618434912 
1.1760843078690277	1.1385121704823922 1.2138527231983418 
1.1983540885158872	1.1595252090784558 1.2374342529451843 
1.176302852647029	1.1387038155489024 1.2141888597701431 
1.1915366936057175	1.1514370933123457 1.231904554657653 
1.2001291111134098	1.1622015566381514 1.2383182935405421 
1.2208184681630063	1.1845933288414705 1.2572778831501927 
1.2070857362172724	1.1690369583704079 1.2454653967583869 
1.2411730806323547	1.204375867644672 1.2782711813249192 
1.2067996493381634	1.167445766280538 1.2463425981434266 
1.2138034912734479	1.1744937687728672 1.253435031755079 
1.218186051243725	1.1796248100440683 1.257065341073386 
1.2019874017447272	1.163844439637169 1.2404074233784796 
1.235348575599511	1.196447874703204 1.2744920292012045 
1.2212049328739019	1.183286982125636 1.259400841957858 
1.250274109747219	1.2125697554477417 1.288360878333319 
1.198143808298604	1.1600735904730606 1.2364628278219851 
1.1833629697187706	1.1448726285220272 1.2221681441938257 
1.2068868144200808	1.1683619836494012 1.2456421477049835 
1.1985488538548894	1.1597937290306224 1.2375568082490933 
1.2230208957189803	1.1865421226002044 1.2597361372611187 
1.2194539427512603	1.1821105428364418 1.2570874781510581 
1.172680745359102	1.1342390077991362 1.211378046185155 
1.181790388751782	1.1440283619904343 1.2198390669804868 
1.2164707910916712	1.176228694085453 1.2569674517536136 
1.2218616508742244	1.1840757817378171 1.2599510324486924 
1.2188175642059966	1.1797866355755908 1.2581369710045889 
1.26315013253721	1.225337972243211 1.3013110971865105 
1.2098698541278823	1.1710578439514108 1.2489474345707925 
1.216788874269585	1.1789874196970593 1.2548062158107829 
1.1880143020674696	1.1492437534709892 1.2270369240954033 
1.2480415859885154	1.209169798439082 1.2871256830766595 
1.210953493396767	1.173247055126128 1.2489920815940883 
1.2141543866849895	1.175059298102785 1.2534899638014831 
1.2499418941055296	1.2112450460216286 1.2888387605524463 
1.230269153162239	1.1924251398153218 1.268291692713463 
1.1783846345422764	1.1397075360398712 1.217331581774106 
1.2578425783946001	1.2191799120981492 1.2966828338321919 
1.1928772630690394	1.153506622138354 1.2325399403281163 
1.2372451989802034	1.1986710803876561 1.276101222366149 
1.1946790842653798	1.1554838591273722 1.2340594125011823 
1.1817990163270238	1.144241495846902 1.2195537563714853 
1.246567836887461	1.2093761461741992 1.2840592749987008 
1.228590590694381	1.1895736563786974 1.2678545541677355 
1.2375651232665386	1.198256009838115 1.2771133735267535 
1.2243333970223482	1.1874836792663703 1.261500470965762 
1.2003172382576406	1.161957206370317 1.2389117836508374 
1.2530568315367698	1.2160285460729945 1.2904439309333435 
1.2412348794248211	1.201717938009104 1.2809627027963875 
1.2006360764418764	1.1630193098600972 1.2385386478586393 
1.2066635515296567	1.1675188632480258 1.2461238193232638 
1.1861836506659544	1.1485604544266073 1.2240752231438967 
1.267360916653775	1.2296046451294844 1.3053714264495322 
1.2189775349795253	1.1809035078209225 1.2573063109500837 
1.200167416968244	1.1619785765447928 1.238655149194007 
1.198855260766679	1.1599015648556645 1.2380589448825308 
1.2317611495901826	1.1940140710790914 1.2696948552890865 
1.220735153113852	1.1814349252367145 1.260287561159977 
1.263821777652791	1.2246439718747226 1.3032415652847544 
1.210023689091809	1.1716705551441273 1.2486486662778375 
1.1935734112794634	1.1561681639540051 1.2312742337952365 
1.2279843033225002	1.1909786328885807 1.2652250888804621 
1.2106391142175537	1.1722504595469294 1.2493618488755334 
1.2209951661328624	1.1830416682434524 1.2591680033204788 
1.2582194085916019	1.219100154169198 1.2975904781610388 
1.1775720768731148	1.1402493170448058 1.2151948887384734 
1.1982970436775402	1.1609844717662106 1.2358721006754925 
1.2134508208403185	1.1739890495683545 1.2531230530479627 
1.2313820308434489	1.1932916251742665 1.2697519471755543 
1.2309344565018931	1.1930643284132565 1.269042047591979 
1.2119081599397192	1.1758050572741978 1.2483050271772016 
1.2111676128639257	1.1716420603601374 1.2509556959398571 
1.201708517740674	1.1620894321722337 1.2415982800254703 
1.2321354780565947	1.1940910321849953 1.2704852821512413 
1.2005467285440734	1.1607322067362706 1.2406168599343799 
1.1965308451635086	1.1602218566496576 1.233187442948929 
1.241818916892957	1.204362147027816 1.279538709522448 
1.2170050198273556	1.1787503051235466 1.255454056326546 
1.209954260619229	1.1714211619753334 1.2487967417010892 
1.2274341247187015	1.1890929338057594 1.266088265106648 
1.2264402682255378	1.1880653348299244 1.265089021267836 
1.2121997176081627	1.173778091645557 1.25083398365536 
1.2087808789513872	1.1716155390081342 1.2462985735989203 
1.2118578211719946	1.1741151778139538 1.2499004552598316 
1.233659304522968	1.1969199172551972 1.2706737538100694 
1.2156087804340985	1.176280340808333 1.25515721757176 
1.221139830080468	1.1831766745212142 1.2593916872305702 
1.174827534995016	1.1366175761106283 1.2133368000921314 
1.2593971426513297	1.2212153694020378 1.2978140876209854 
1.2319933387234139	1.1943233859478524 1.2699321149754872 
1.1775356816635751	1.1378313727988958 1.2174985112570629 
1.2196458227514393	1.1825589805590482 1.2569542934295144 
1.2184724682151173	1.1797885832524662 1.2573752791617676 
1.19279386143007	1.1547803360056448 1.2311356860411613 
1.1962767231038505	1.1585971047349484 1.2342798274410254 
1.1911744192449019	1.1533099860953895 1.2292739613119146 
1.2168535960564468	1.1794783498848358 1.2545423692164408 
1.2295453278528397	1.1912667747605523 1.2681029118497562 
1.2072286208011338	1.170686273100071 1.244035377737748 
1.1873818870488977	1.147981517721819 1.227016646336051 
1.1976722967510822	1.159427011996598 1.2362017513476098 
1.2032682496180163	1.1662350630767238 1.240633337616475 
1.2315424446570966	1.191848370684022 1.2714418889306658 
1.255255175544491	1.2162351390348214 1.2945564113220835 
1.2183279886128264	1.1786543521435005 1.2582449177703887 
1.2101835275440698	1.1723900532418874 1.2483579701926726 
1.1815279339120581	1.1444126016104736 1.2189096001376343 
1.2237227679555815	1.185962888601936 1.2617741722303464 
1.2249181093581398	1.1863352093823245 1.2637548671488683 
1.2307626754334287	1.1920312313852948 1.269693827328451 
1.2255662758610686	1.187373487327122 1.264047707423817 
1.2393234678917036	1.2009550467801748 1.2780068517187964 
1.185196666481804	1.1467628434455428 1.2238515962222132 
1.2190384958377216	1.1811754030824764 1.257238510130463 
1.195494849532183	1.1557178316736672 1.2355119588926118 
1.2388025134358176	1.1994552467192197 1.2783952286952545 
1.2631314313756705	1.2242218916897079 1.3022570336476778 
1.2547308757868771	1.216193863562652 1.2936131350750641 
1.2039054805616	1.1637494843540699 1.2442525954905885 
1.241354087701503	1.203636254957432 1.2793730188589225 
1.2179637155779433	1.1799393928541626 1.2561918027192887 
1.1428431541878634	1.1048019076027158 1.1810739637661847 
1.172812746860779	1.1355005470721309 1.2104900270726602 
1.2212041970220626	1.1810973185112001 1.2615177676910667 
1.173393092809495	1.134890797211834 1.212103787802609 
1.223428837636175	1.1848441785234556 1.2623216771043877 
1.191409222323729	1.1529268187030604 1.2301970771297333 
1.2334904419107142	1.1951171393972742 1.2721195879021803 
1.2478220868569379	1.2087295258709392 1.287108922411619 
1.2111083177794535	1.1726207007536997 1.2498909586456968 
1.2339460556039945	1.1967557827907493 1.2714764917901134 
1.2773648921852043	1.2387756507005068 1.3162318647179272 
1.2576884413065017	1.218463587327624 1.2971182019747247 
1.2231257525839339	1.1844116894831438 1.262067110810126 
1.1993592502712194	1.1603895622410045 1.2385815134533673 
1.1947145917966302	1.1568571691590468 1.2328438299326283 
1.2085966651931883	1.171995522288485 1.2454482839235688 
1.233590063945886	1.195500049222378 1.2719733444597627 
1.2431988718463596	1.2045239099374359 1.2821950443727952 
1.1880045297502002	1.1504467038629786 1.2257525518154884 
1.236855039126296	1.1995089885210148 1.2744904637737418 
1.1889191322871275	1.1501932304735942 1.227877502733353 
1.1957685243728928	1.1572835042809484 1.2344857070068902 
1.2533382290347481	1.2148827039947425 1.2920227955626473 
1.202062228957883	1.1639400914621 1.240363876007354 
1.220878832454004	1.181982901626026 1.259926442350029 
1.2149183560616137	1.1746580057238232 1.2554301023272338 
1.1993213975028811	1.160141473136907 1.238659168881574 
1.2390074776592883	1.2011140664457758 1.2771552245247038 
1.218851223426121	1.1818082788153166 1.2561803195571728 
1.1978151285316163	1.1589515763232068 1.2368913337577139 
1.15032588042284	1.1111625469983568 1.1897906566312157 
1.213113682863975	1.1749525156798746 1.2515727732380855 
1.2185385721650641	1.18005742856521 1.2574011526713602 
1.235881348729455	1.1975493424489752 1.2744510217756155 
1.197014290966047	1.1578915432474035 1.23640778008233 
1.2306553388067845	1.1922877162208048 1.2692611230768405 
1.1832813696888311	1.1448003955744102 1.2220518626698615 
1.2206465468829277	1.1817386581925606 1.2597932290928964 
1.2053932795549693	1.1680381487886105 1.2430549018403254 
1.184967478331813	1.1429492151370213 1.227194661358129 
1.1992769856211791	1.1599371718004998 1.2388588771514883 
1.1947019605588585	1.1553027665649411 1.234326839596163 
1.2389993741866867	1.2006269745871034 1.2776756565930802 
1.2232423550574438	1.1837826065735406 1.2629955230143646 
1.2369413808581065	1.197972741141093 1.2761371356618247 
1.246841634553788	1.2077847826251251 1.2862148900838921 
1.1993571802098209	1.161985577770469 1.2369958175048494 
1.2258264419503089	1.1870946685696304 1.264831420373427 
1.2010891475877958	1.1641338478684127 1.238290311118985 
1.1847141779010615	1.1458883541081282 1.2237710173569587 
1.2550278948433962	1.2162544732556562 1.2939983687302898 
1.2544371018745932	1.2172710303932646 1.2919170455770312 
1.188492170039206	1.1513071924269838 1.2260181176911265 
1.1872331931254774	1.1480307971367543 1.2266886740277156 
1.2003430876635734	1.161810431937435 1.2391862911509963 
1.2122092635431891	1.174660239257277 1.2501081098159725 
1.1940485226293045	1.1550795129663225 1.2332787046178324 
1.2428746892133382	1.2045015448172969 1.2814851418190212 
1.1749115202779528	1.136209349492304 1.2138680781080322 
1.245291177186605	1.2057943963269704 1.2849816975919262 
1.1886493931990363	1.1504114090860316 1.227106754894383 
1.1887777422266095	1.1490495890971157 1.2287601510143675 
1.2059557600679334	1.167130178051711 1.2450853738530476 
1.171149720174612	1.1325328834502328 1.2099969723667683 
1.1967793822506152	1.1570556979654436 1.236710407223405 
1.22353735820803	1.1867523473433441 1.2605876656307677 
1.2281206562688858	1.1880002854505274 1.2684570556850963 
1.215153050043476	1.1763142630890384 1.2543217265676203 
1.1524529305143563	1.1136563037809424 1.1914075080729274 
1.2113221535754926	1.1741561435752104 1.2488516368144795 
1.2299455667840473	1.1922406869526676 1.2680071845118412 
1.219026709280129	1.179545169853951 1.258668199439947 
1.2094909721275926	1.1716184704012509 1.2476810784675192 
1.1963333713161324	1.1574636515735504 1.2354130459549757 
1.2520976579398901	1.2117644847236027 1.2926295808204566 
1.2033235446920993	1.1627628545584408 1.2440738347438112 
1.1746374754432787	1.135985858808197 1.2135312609594582 
1.2240226441892776	1.185248354231253 1.263057946748933 
1.1827521565327204	1.145635630836701 1.2201844520860556 
1.2371282540747668	1.198731459218454 1.2757205666247207 
1.2668622551505224	1.2284528208877348 1.3056017192064293 
1.2039902115367316	1.1662856786477411 1.2419489965438697 
1.2438952098985385	1.2055516547751306 1.2825555012442864 
1.2026331380104018	1.163527595004215 1.2419549336915403 
1.23732233009384	1.199604072100812 1.2753371483168185 
1.2257940021215803	1.187413486865996 1.2644314846634561 
1.2288419691957015	1.190388371100584 1.267564922864756 
1.2366617210251099	1.198967574192477 1.2746390850445968 
1.265134909648746	1.2279661079435786 1.3026241822332303 
1.2066027856765649	1.1675090162997817 1.245920491579834 
1.2672983901122092	1.2294927767400141 1.3053690441876928 
1.2022853345566873	1.1645539674128456 1.2403214060453767 
1.2198832079890356	1.179679903724251 1.2603375475571619 
1.2645267933413864	1.2279536488298728 1.301371281560713 
1.2381459568664968	1.1975370549709408 1.2789632806993922 
1.2018535524930645	1.1651755129651558 1.2389034702786073 
1.2212312747702891	1.1827924723380991 1.2599661045994854 
1.2129752465481636	1.1741551099876555 1.252025491192293 
1.1681846548123804	1.130448929007498 1.2061491732650638 
1.2035288062082765	1.164024795276755 1.2433105159279894 
1.2271683001515805	1.1878990184306877 1.2666330179212997 
1.1810738932727116	1.1431907245344346 1.2191745763992805 
1.2074406852661501	1.169941048414469 1.245192756642252 
1.1879100403766154	1.1484479506132146 1.227625338073989 
1.2343929611717006	1.1977919365818488 1.2713425301086358 
1.2063823362787536	1.166954345344256 1.2461351900422764 
1.239795492954449	1.20261843124099 1.2772579036869218 
1.228843682801957	1.1908254784978127 1.2671992189041137 
1.1882429607174276	1.1497855153260739 1.227008856989579 
1.202346867531213	1.1623574838096449 1.2425673640914716 
1.2863981024272129	1.2473967725939346 1.3257046165058983 
1.2105601365064202	1.1708974869484743 1.2504258705019018 
1.1935777066970408	1.156454107672625 1.2310016311142757 
1.2024871225128466	1.1634574887041211 1.2417892570901383 
1.1835475382282457	1.1437218954894282 1.2236114634923763 
1.2178166850393894	1.1779319557574301 1.258023686391289 
1.1857373820254413	1.148516522316989 1.2232294222967806 
1.2215008646087588	1.1835550751359099 1.2597092093890547 
1.1922456107407151	1.1546983969056595 1.2300793319722352 
1.1720315491635531	1.1342564717620371 1.2099561542732498 
1.2086756001503283	1.1713750749579708 1.2462882844057765 
1.2271299597885164	1.188884985298896 1.2656465509126216 
1.1745801695135558	1.1364805393932178 1.2130058458883834 
1.2070042407822104	1.1662810064437354 1.2479912611705757 
1.1883465583037327	1.1509822233456 1.225969768497858 
1.2413082045756174	1.2031314733234177 1.279738388680789 
1.2100862141839952	1.1708789753499016 1.2495485570305145 
1.1984392996498079	1.1610872591874404 1.2360921857789804 
1.2013913717451814	1.1631771286411277 1.2398128380263351 
1.2123163140485138	1.173829301349746 1.2510301945324613 
1.2095535987522315	1.1706667592771927 1.2486908838540276 
1.1944620033707154	1.1544201646852272 1.2347180837262701 
1.1889648870195166	1.1503702831254445 1.2277923679133365 
1.2025565850449498	1.1641055833430476 1.241378334075868 
1.2088959850228205	1.1709988223004626 1.247073739341262 
1.2161680335131524	1.1781404618089073 1.2544453815202123 
1.209740159775744	1.1703749671514054 1.2492974329362865 
1.2093496072042478	1.1701530342384892 1.2487367322590721 
1.2366071752323053	1.1991247936040994 1.2744074356323303 
1.1975590778382446	1.159034367542116 1.2363880539845933 
1.2495210491445714	1.2116100812606394 1.287734747445642 
1.1813059530001364	1.1437054448927182 1.2191344629925562 
1.2054805680325975	1.1669534977593932 1.2442665808854314 
1.2565737474647762	1.2178556423345213 1.295603877080535 
1.2141991775654966	1.1765811040586776 1.2520946827165378 
1.2328708644478539	1.1949855410637116 1.271081936895046 
1.232503842686352	1.1937864073955264 1.2714044695693645 
1.175189271216115	1.138405061062832 1.2122394320651138 
1.2409720019778143	1.2030643898577702 1.279157808742701 
1.1568506725260514	1.1189625327843113 1.1950699548635884 
1.2345558579623885	1.1953102634120545 1.2740814101925324 
1.1781207253304617	1.1418278789730456 1.2146931424049692 
1.2137361079574676	1.1744985374682493 1.2532344710465622 
1.234894356555862	1.1966359547096723 1.2734382310496768 
1.1793753181870195	1.1408767194933793 1.2181981946724476 
1.2332984121507864	1.1942188211203106 1.272605789923697 
1.2234804999452666	1.187121076728992 1.2601595782740742 
1.2249872327493425	1.1865635083364847 1.2636175080561842 
1.208920194404716	1.1704083216136383 1.2476072636744355 
1.205282174404049	1.1669267749547072 1.243973797579699 
1.242289513376085	1.2049923471954318 1.2798296980182322 
1.1964755855471711	1.1576344100051237 1.235556445854935 
1.2174401579242438	1.1776045273931752 1.2574900938711313 
1.2006559604073161	1.1625977143454347 1.2389454310474344 
1.2208021103908964	1.183129866584501 1.2587903965732528 
1.218694403586626	1.1801220644032206 1.2574472279014082 
1.2308297251655318	1.1921650756070707 1.2697693782314219 
1.2095770159712482	1.1727288619285625 1.2466997789499463 
1.2466594057497857	1.2083266421610341 1.285210463305728 
1.21619995226653	1.179159266151867 1.2535296466919286 
1.2075587731645356	1.1682278912859094 1.2471139543605068 
1.2025957557699498	1.16481150303051 1.240673015650104 
1.2390473478972672	1.1994865865516617 1.278833841859756 
1.2134448052619828	1.1741743648963618 1.2529728631012165 
1.217943850379031	1.1801832563093275 1.2559608244381848 
1.1985618060697212	1.1589773070125757 1.2383748251873188 
1.2362193248302142	1.1981324414962373 1.2745665324510373 
1.2051459588594535	1.1639140382489346 1.2466075539402661 
1.2468466021865021	1.2092276387919656 1.284720014374466 
1.2214490299730998	1.184559955166167 1.2586959909161708 
1.2451232035748085	1.2083873970052488 1.2821788995890722 
1.245408592040156	1.2064823566369758 1.2846816726212742 
1.1847574122198334	1.1453232823129693 1.2244052154978031 
1.2134005413849656	1.1737865481980096 1.2532257730662257 
1.1861434569581462	1.1478913129911505 1.2246817471408145 
1.2453754661379144	1.2069155777074876 1.2841098896487075 
1.20643103872646	1.1677682669431129 1.2453255587488241 
1.2214381915605783	1.1845844378592731 1.258633934069128 
1.1755932550046515	1.1357606691557847 1.2156149661701388 
1.1902416347132625	1.15214181205984 1.2286401898420718 
1.2156064389581196	1.1770895479149461 1.2543654180304946 
1.2262425543833146	1.1876580374120387 1.2651132177069546 
1.1847902375787827	1.1458476968635887 1.2239346735401957 
1.2140338125521803	1.1746349720810259 1.2536432284249328 
1.2528097000194476	1.2140305487635614 1.291919409206133 
1.1976355612384424	1.1599503045587258 1.2356221968390493 
1.2432261838193737	1.2046604122590536 1.2820857694494765 
1.2111692748676097	1.172081866360125 1.2505118864105873 
1.2239691258365397	1.1858306563158414 1.2623930106456343 
1.2248114187420895	1.1862909237172652 1.2636461483165538 
1.2294037662667294	1.189742315102814 1.2693048003538068 
1.2129369805820456	1.1744940915149817 1.2516182470486128 
1.2198085980971394	1.1811539940660067 1.2586876279302874 
1.185587511884438	1.1481417245256271 1.2233205331577788 
1.2613314394204316	1.2233740743891732 1.2995166704930359 
1.178859062246978	1.1407882179799145 1.2171631245739616 
1.1972558252625316	1.1594764339219485 1.2352969819213584 
1.2114121759800855	1.1737828843458238 1.2492772920535575 
1.2155674868689763	1.1766042540438235 1.25476427417239 
1.1914366274982102	1.1525426102992846 1.2306751926587545 
1.2116949312514442	1.1723811397148047 1.2512787424466576 
1.2148893758303176	1.175994309268379 1.2540800109803167 
1.2184591835700223	1.1790242588248745 1.2581297060950907 
1.185389450317198	1.1475660220074924 1.2235583812906754 
1.2348897995251467	1.1964264211126623 1.2736366865645157 
1.2073523580222298	1.1692993738050759 1.2457632716957332 
1.2201022607982073	1.1808364810030498 1.259653355970976 
1.1915867349918154	1.1541109132266425 1.2292570608019622 
1.21180823999139	1.1738933881353133 1.2499932655501373 
1.2188782205372082	1.1812724197857343 1.256805827679421 
1.2649350835909539	1.2271065515775348 1.303059107531132 
1.2186666439539404	1.1786594679290119 1.25887343912914 
1.1953024066001139	1.1575693133926577 1.2332712121471379 
1.198988867442266	1.1594197175410401 1.2387749746278205 
1.1678061778518825	1.1285204066308354 1.2073367528660246 
1.2274017233335508	1.1889640021082652 1.2661044630393157 
1.2165467394198899	1.1772643381290568 1.256123846136534 
1.2423460503388875	1.2035705143126232 1.2813457244113493 
1.2455796764321476	1.207034838166568 1.2843723544158756 
1.224747317021855	1.1859155535879906 1.263808954789714 
1.1826115147098057	1.1446586131362237 1.2207799811186921 
1.2490485851761939	1.211105994777809 1.287206776895614 
1.2119610744913267	1.174266391247467 1.249962682491927 
1.2373959601262612	1.2002284539520294 1.2748750755886156 
1.2215248255462938	1.1830318290075683 1.2602812222922886 
1.216727122175176	1.1802320407517706 1.2534410463608774 
1.1950340999169167	1.1585295685439911 1.2318124267822412 
1.1994651243241592	1.1604246992380993 1.2387497009974013 
1.2524719671617754	1.2136167947203869 1.2915141293835775 
1.2431737357882182	1.2053649261569812 1.2812470382951857 
1.1971742524608773	1.1583230787629888 1.2362359767127389 
1.1979738000071685	1.1608027168693311 1.2354217883637881 
1.2444576204208986	1.207672144009914 1.281559418817194 
1.2077703739660166	1.1707847941631098 1.2450386238176634 
1.2697618052832527	1.232891770704208 1.306980745781496 
1.2131892633390888	1.1748640026185244 1.2518238396925099 
1.217025612353858	1.1772493470725534 1.2569959305481566 
1.1917422661501131	1.153423321906861 1.2302942031596178 
1.219312850169977	1.1797090515493731 1.2591005552805596 
1.2432764387685287	1.2060784632745405 1.2807234260261924 
1.1700902448899024	1.1312255857563145 1.209143908657941 
1.224710482471988	1.1872391759258574 1.2624542045496372 
1.213719515705408	1.1740827744742548 1.2536189251866965 
1.1918155319072283	1.1534968901114828 1.2303873024029308 
1.2038190305733085	1.1642363163242087 1.2435949991540678 
1.2164188072052489	1.1774023815496892 1.2557049019100988 
1.2203198828752868	1.1828067233654374 1.2580650284651207 
1.1854321651010007	1.14695352442606 1.224069770484899 
1.243822299206413	1.2050755033377158 1.2827750011485726 
1.2399645097870775	1.2022120992010792 1.2779699206740576 
1.2353127058400026	1.1988504818154448 1.2720676138743374 
1.2130502297526589	1.1767774739355656 1.249577170464287 
1.2417704636334437	1.2033836472744237 1.2804109425097674 
1.2041929241483567	1.1675090308598426 1.2412250091741557 
1.1824415307981908	1.1446359254824174 1.220506701113861 
1.2436834205449918	1.204873925413305 1.2827967084376954 
1.2215962583844922	1.1825304288882066 1.2609127504173956 
1.1900781904213265	1.1515855959914552 1.228809486348184 
1.2139022636486363	1.1758446754952623 1.2521799748675022 
1.1960323214677941	1.1564880222810814 1.2357721331630467 
1.2058041664616452	1.1677972904859897 1.2440161734082684 
1.2237098996020623	1.1868330236909226 1.260889702029628 
1.208937415318515	1.1714867963373556 1.2466113549974611 
1.204204180873948	1.166385100110444 1.2423315742021788 
1.177679367944922	1.139772736343161 1.2158510506016587 
1.183444696482324	1.1438902591864595 1.2232257641971875 
1.1733590145064146	1.1370908203500896 1.2099673913607765 
1.2181106785141904	1.179222292116399 1.2573212522023107 
1.2450892308798787	1.2061617142062633 1.2842845266037481 
1.2057948456027825	1.1674222125258893 1.244455157398162 
1.2216938822089862	1.1842447520083745 1.2594495348891397 
1.2085953161442844	1.1713506332012589 1.2461722722552113 
1.2163562543431212	1.1789376227931965 1.2540726004947516 
1.185780912229197	1.1470500336441232 1.224748941896388 
1.1708795836981638	1.1327011936997653 1.2093728327930644 
1.2118021356209796	1.173332306497296 1.2505520088062012 
1.226470547873831	1.1895595724599939 1.2636133946575034 
1.182861436600861	1.1456936572738596 1.2203428540576406 
1.1864629151996615	1.1471114384960326 1.2261355398949099 
1.1608590603526852	1.1218772146225748 1.200056677154753 
1.1830212476072144	1.1455747530589515 1.2207517329756081 
1.2023806137598079	1.165193285355702 1.2398575904327926 
1.2020561300497392	1.1648494049745244 1.239500205431019 
1.2014618293474375	1.1640035150063548 1.239150124344025 
1.1957556049332196	1.157014035706222 1.2346956289804556 
1.2445523936363676	1.2074021517264748 1.2820580618069561 
1.217129760973111	1.178710043921126 1.2558666796854683 
1.178869687475038	1.1420254819772604 1.2159306143668702 
1.201866453601975	1.1645581397211429 1.2394419482897792 
1.2295019438891641	1.1921655629486145 1.2670937981279486 
1.1765900064382506	1.137821851880179 1.215584705004078 
1.201307071165792	1.162715940936828 1.240122789696874 
1.2294851847774437	1.1918170679936253 1.2674227369644788 
1.2175373672694625	1.1784094930591216 1.2569161764037005 
1.2066354021960426	1.1680235139048016 1.2455260527098675 
1.2375830137118327	1.1990414800026947 1.2763808854232215 
1.2168525576563092	1.1780751543101424 1.2558650155597866 
1.2075318629932095	1.1694965431834683 1.2458448708042038 
1.2008556941372297	1.1614080314569464 1.2405346178560417 
1.1944259076915777	1.1543663915210303 1.2347011635608913 
1.2312864870904217	1.1930652223322453 1.2699029265768855 
1.2328488946234142	1.194271174746946 1.271711462472795 
1.2050395832840135	1.1669029468069143 1.2435286561568626 
1.2547324842338445	1.215399924782704 1.2942563529229256 
1.2216912153633006	1.1831715346334253 1.2604401450121663 
1.208321900121373	1.1696212427424477 1.2473496882612007 
1.229286131611658	1.1909149337481362 1.2679240270073788 
1.2350182346707026	1.1965177798791462 1.2737752278691277 
1.2719528449530961	1.2327728700957352 1.3114279955321861 
1.1866614488540732	1.1495816038980258 1.2240649741401648 
1.2056544093411798	1.1677077334899677 1.243857533382808 
1.192355729855172	1.1541042417691596 1.2308097271519023 
1.2608027747323183	1.2230815355343228 1.2987993940550258 
1.1930528213008786	1.1551070545806033 1.2313057178806006 
1.2249788945828524	1.1866230488302907 1.2635888957857664 
1.1859879977367815	1.1469175754507444 1.2253739219987207 
1.2291927225216779	1.1901482271900563 1.2684870464428286 
1.2334353927051056	1.1950192344144075 1.2721481832875439 
1.235583055456771	1.1984525753659905 1.2729987756424626 
1.2228732239088138	1.1842125786563613 1.261872791020307 
1.2104362319292663	1.173133362752215 1.2479553028698278 
1.184280489589628	1.1448050196741124 1.223972679124287 
1.2111235643463332	1.1742338004902666 1.248358426547485 
1.1642179353108302	1.127140697382627 1.2016312410580836 
1.1746104505535195	1.1377596226306843 1.211751745220076 
1.18131547542042	1.1437000453944215 1.2192028901055667 
1.20898749387369	1.1724579386730334 1.2458330247054714 
1.1754181211668178	1.1360235001162293 1.2149773677999915 
1.2122796197622556	1.173672592391418 1.2511834729081244 
1.2094298359913753	1.1701123610378779 1.2490149757543494 
1.209374296509361	1.1696688273865155 1.2493233455585975 
1.2107891345100503	1.172260121887424 1.2494946743472508 
1.2316859083491745	1.191335161373144 1.272276031453488 
1.2185863852753838	1.1795425469904646 1.2579207461280641 
1.2241014505562051	1.185991448761994 1.262537458534437 
1.2478748258551644	1.210981823645317 1.2850355242527822 
1.1966386184862718	1.1600139586720781 1.2335007467172587 
1.2017250033961893	1.1622076758430746 1.2414129751358831 
1.2110085469754308	1.1729481964619692 1.2493158110643596 
1.210458531862804	1.171223503069566 1.2499035118941513 
1.216939346026549	1.177699730222291 1.2563812376675492 
1.2409612290458998	1.2039197698818038 1.2783209256578933 
1.249438937341544	1.209146986585623 1.2900701398253527 
1.1928995444765902	1.1546105506943332 1.2315028726815163 
1.2199486438354643	1.18173696418439 1.2585136393438785 
1.1813212111465483	1.1412227916196345 1.2215846728283815 
1.2173670674657884	1.1789423691016065 1.2560780040693644 
1.2372631368761515	1.1995167978701344 1.2753096493712701 
1.1829746563812886	1.1453320594145513 1.2209692054152343 
1.2423196860072987	1.2034494976445442 1.2814793048533382 
1.224576687442281	1.186805827002021 1.262596713708335 
1.214024165255099	1.1767545078540047 1.2515618963464872 
1.2492621405525886	1.2107545361010545 1.2880298499159721 
1.2223519461463024	1.1852324243976529 1.2597812272071538 
1.215028790010679	1.1765034962317786 1.2538618544654083 
1.231909907966769	1.192746770272391 1.27126108355574 
1.2058083239162904	1.1675559597943896 1.244408843425464 
1.1867009957123862	1.1497975175061321 1.2238551253152448 
1.225651723944256	1.1876064381356528 1.2639738250542258 
1.1893658901540236	1.1528642657313373 1.2260982639842162 
1.256955775225001	1.2189106381214687 1.2952295285396034 
1.1663615006771746	1.1286424695788337 1.2043166459015162 
1.2257767451417056	1.188055308713196 1.2638160638494798 
1.1845581105248633	1.146462494667707 1.2229111235228314 
1.1984916096066844	1.1586179170873931 1.2386765517409075 
1.2646930798053464	1.22646297715754 1.3031798824918153 
1.214780231900713	1.175623671583679 1.2541596341815655 
1.2082744429843388	1.1694413627511513 1.2473603466693972 
1.2437420158614565	1.2036007061191367 1.2841018103314434 
1.1918451057827215	1.152657100091538 1.2313224712076196 
1.2049609800478132	1.1671608587216824 1.243031260407225 
1.2409804473236443	1.2011201068424668 1.2810498004094155 
1.2015954551192958	1.1634977433930844 1.2399601352832204 
1.200311183490791	1.1621343749301016 1.238776524603582 
1.1891946439539116	1.151656447552831 1.227011580378456 
1.2307886174615998	1.1925493975738004 1.2693280629812227 
1.201956806080235	1.1623061210507748 1.2418151276832377 
1.1781633857769673	1.1382770652155665 1.21825718452111 
1.2099136627779072	1.1717577880475032 1.2483006264505234 
1.206462178320298	1.1666409685491814 1.2465935163187618 
1.2229195762379366	1.1843558731005592 1.2616988317891429 
1.1891107824932308	1.1506729370215525 1.2278309957420432 
1.1995044023456656	1.1620130540957656 1.237328135146552 
1.1829885525297241	1.1444891281849234 1.22170522795841 
1.201556382427776	1.1636823788001445 1.2397063371880548 
1.2362293562534856	1.1978493285209817 1.2748493394830098 
1.2151011772236138	1.176873283818272 1.253546360147813 
1.2134503682571502	1.1748984707789374 1.2523839930821472 
1.1592044288360293	1.1207694686103482 1.1978649675339859 
1.227976395445347	1.1908329264814723 1.265392307076342 
1.216251960670643	1.1771756452799491 1.255661258414449 
1.2055583467662003	1.1675979665517213 1.2438517786883614 
1.204298692942277	1.1664091801058636 1.2424552818463992 
1.2032594523919646	1.1648623873028014 1.2419011222149026 
1.2239767673306898	1.1857969042406802 1.2623515948945454 
1.201704842913561	1.1626890783151456 1.2409119422860861 
1.2509354356306754	1.213279714083949 1.2889094590892485 
1.235356840584965	1.1953689344483753 1.2755877696312172 
1.2065372575673723	1.1668998232359498 1.2464389215411393 
1.24602729953246	1.2088968325992855 1.2834819835534923 
1.2153611497173398	1.176879192630613 1.2541766021564942 
1.205255605374943	1.1680417852165517 1.2427638606999905 
1.1947210096146246	1.1580368925861397 1.2316829318374463 
1.2665547148447711	1.2275993115797001 1.3057318180048516 
1.1892102106305593	1.1513565085192312 1.2272665470145574 
1.2125552689109333	1.1745163464628032 1.250872481988691 
1.2221987348722136	1.1839255276621412 1.260723293088342 
1.1907845759051048	1.1541108703979208 1.2278333658585303 
1.2078978537979046	1.1702080259495622 1.245870249436035 
1.2523007420818857	1.2137897100914081 1.291091829989616 
1.2072280754265599	1.1684416273304739 1.2463326366468719 
1.2385690846815411	1.1996738136597138 1.2776689622546966 
1.214669485003582	1.1765501436823573 1.2530810799207022 
1.2664613623823204	1.228484601964632 1.304753455634886 
1.1874322114100844	1.1497174133163297 1.2253579080366357 
1.2122832697131285	1.1749014315659705 1.2499372379071652 
1.2222436439425939	1.182798191578239 1.261997600225619 
1.1728867709094486	1.136572932665765 1.2095452757867595 
1.2114260248444573	1.1722564034633478 1.2508183709204697 
1.1953566155425448	1.1582018345583303 1.232748838807403 
1.208551586429962	1.171037846315803 1.2463557822467308 
1.261258338061507	1.2232424277735043 1.2996031239521195 
1.22326643999901	1.1831902175481506 1.263560658708544 
1.2326957009306674	1.195023813066284 1.270657990001912 
1.1946737194168129	1.1563948667245787 1.2332006347556024 
1.2088533341451408	1.1696794580190415 1.2483005778666079 
1.215003138285283	1.1774562629950789 1.2527884323612333 
1.2173851166238714	1.180122028540862 1.254935490489288 
1.1922546126714	1.1526411372918337 1.2320413756642596 
1.2287201952965505	1.1893921512744248 1.2682674952233501 
1.2403903943077759	1.2014883642036847 1.279535567669762 
1.215032099124608	1.1769954892924344 1.2533383949589498 
1.1927848579838183	1.1548206831544996 1.2310282569784978 
1.2288351349753386	1.189121015022576 1.2687656859576175 
1.206513239435264	1.1670721523087184 1.246185635656861 
1.2214097552928977	1.1826214432121653 1.2604047714025153 
1.2699589937739246	1.2323710663270253 1.3078121489243628 
1.2292063822219024	1.1904668800566818 1.2681975200497833 
1.2012680940829872	1.1631115454900267 1.2397684428713507 
1.219441735751941	1.180501853090411 1.25865803226863 
1.1997642283302479	1.1607087760689438 1.2391027805581554 
1.2060907591846608	1.1683516151089999 1.2440547567083213 
1.1816205268243227	1.142389686722444 1.2210916597800534 
1.1802601442507512	1.141161950651681 1.219629087306118 
1.2094438673394228	1.1730616868652457 1.246106412916371 
1.2140238607029492	1.1739914508593061 1.254239594510021 
1.1820492141882653	1.1444692010636643 1.2198326977935627 
1.1898695632949672	1.1526106716667635 1.2274245428357013 
1.2107578983697183	1.1733099023112705 1.248507677185431 
1.1713830930404345	1.133470285416404 1.2095210636217837 
1.2056349087677827	1.1662743014914756 1.2452230765917691 
1.1895106893188934	1.1531757733089993 1.226188334073301 
1.1675247814865393	1.1291144143049692 1.2062084232491812 
1.2234394591108622	1.1832801369140689 1.2638188414371392 
1.214939002117206	1.177005354088538 1.253102686017209 
1.1677863114069633	1.130042174653498 1.2057855102621877 
1.2010089920679607	1.1622305209220973 1.2399459377603543 
1.2360783847130032	1.1975951194493852 1.2748642172579492 
1.2407957809022467	1.2020600580392382 1.279737986332326 
1.2275107409798107	1.1897449098019919 1.265553734572495 
1.2261881196418067	1.1881344000893015 1.2644514107428122 
1.249413397281754	1.2102237493109766 1.2889109998144603 
1.2104632447137784	1.1723563489453794 1.248845665342718 
1.196603336911607	1.1574543846217549 1.2360096217662744 
1.210138809245371	1.1717679675951325 1.24873799591568 
1.2367081063992937	1.1971129792271147 1.276527188682934 
1.2080999538671124	1.1681929771554622 1.2482450528544444 
1.2107135589443825	1.1726322650848093 1.2490320315929335 
1.1967767905524131	1.1566877393545085 1.2370766575613534 
1.1976633094856246	1.1596714377250876 1.2359478677777636 
1.269420586981766	1.229297577133763 1.3098138498640626 
1.1946557360175172	1.1571751461744662 1.2324321653345511 
1.192752793728745	1.154610745298695 1.2311703367551123 
1.2071318093717749	1.168492781951472 1.2459528784721328 
1.2070780203866913	1.1685135332598453 1.2459853907032032 
1.195735460495036	1.1576120956433826 1.2340942857576158 
1.2369378689870918	1.1984682178037045 1.2756610683395233 
1.2192580912024502	1.1798030659954317 1.2589463151302431 
1.2057375295904007	1.1672161460909107 1.2444990003337821 
1.2097917822939726	1.1720587225076002 1.2478417098259815 
1.191560967082329	1.1533568177801472 1.2300823018092513 
1.2179132338310052	1.178880897506492 1.257263235347369 
1.2012989858934897	1.1644849590058615 1.2384197834956236 
1.1825187176475542	1.1443336782370397 1.220954825470827 
1.1919731006061984	1.153987136678477 1.230193338995829 
1.2330656636387851	1.195386117782678 1.2710812014152706 
1.2124670324024591	1.1737343206140045 1.2514482286435706 
1.2593827440665002	1.2208474702432446 1.2982148778214493 
1.2392198383673463	1.2011942276993262 1.2775772420173923 
1.2383436443431277	1.2000108385248318 1.2768982154399695 
1.248550583244416	1.2095235127687842 1.2878285501394888 
1.2471846086112561	1.2067100908806137 1.2879095540095284 
1.1605204731774088	1.1228945989085104 1.1984436201373143 
1.2346806245856428	1.1974266507187867 1.2722124944531537 
1.1722325387603472	1.1338654898177774 1.2108617578417231 
1.2464038098259422	1.2093088350811894 1.2837780788784767 
1.2846423686627544	1.247697568286813 1.3218864912602903 
1.1841924338596277	1.1477802665561723 1.220938453046276 
1.1895416158944072	1.151820309041734 1.2275056581624715 
1.2138692464941385	1.1750486042435793 1.252995615682989 
1.2147383539266743	1.1771202992480039 1.2527318930795244 
1.211161244571263	1.1731701187162813 1.2494401582343564 
1.1866757319008245	1.1477300143064895 1.2258984111209914 
1.179243207948289	1.1400890557347585 1.2186619618751384 
1.2124948416783743	1.1741409452227205 1.2510716123010663 
1.2310474692242277	1.1912823580864804 1.2711149915762356 
1.2053786253825023	1.1678043912770806 1.2432947512789778 
1.2130973598260069	1.1748839416971295 1.2515522836168151 
1.2275578713517763	1.189189434332403 1.2661546639044299 
1.2246011408576005	1.1861971175151156 1.2633275110949853 
1.1890464896559305	1.1510403147511916 1.2272210543057214 
1.2072537748114167	1.169623441716366 1.2451206241726664 
1.1992446611400225	1.160104911586904 1.238563638877757 
1.2329940837338882	1.1959558331948434 1.2703085867008912 
1.233209615037203	1.1944128939172176 1.2722207125032132 
1.2163695258751823	1.1776327473030057 1.255354432062594 
1.225846777626838	1.185027208922586 1.2669466108432745 
1.2123307403461787	1.1743007084122734 1.250673183530806 
1.2374843145298722	1.1998541521414419 1.2754221414826135 
1.224915243961148	1.187673189466807 1.262403495178587 
1.1869598634194187	1.1485105534982996 1.2256126255907978 
1.2297232302925432	1.1903533348871442 1.2693188555650434 
1.2269229611372563	1.1889718271758958 1.2651634486818577 
1.176261587146812	1.1395888959002232 1.2132238503691959 
1.185455534564792	1.1458837880663075 1.2252664911439504 
1.2002035601559846	1.1626560048017969 1.2379335255776167 
1.2433473185547883	1.2064436471772035 1.2806015999800477 
1.2160381998327137	1.1771407076785825 1.2552195846870964 
1.2194333540870306	1.181358951713491 1.2577338004937495 
1.2142896151381046	1.1758291657907338 1.2530805264846787 
1.191086547466594	1.1520179075233166 1.2303424591840835 
1.2026245625438081	1.1649785319494093 1.2405289123703618 
1.2224914909259137	1.184210028703289 1.2611102311980444 
1.2205545754343963	1.1835784205474122 1.257790157868901 
1.2310279550313907	1.1924241884943885 1.2699754507413252 
1.2123727820022387	1.1750397807130724 1.2499645826329697 
1.260469909039802	1.2233785146964933 1.2978931058652687 
1.2389766365009247	1.200907294036472 1.2773114104229966 
1.2353261373369646	1.1965993804424686 1.274344914675123 
1.1948519608478678	1.157135656237 1.2328588786036216 
1.207847359753289	1.1694531871287728 1.2465061736986125 
1.2371967711980132	1.199600259825589 1.2750247973096547 
1.181482740862663	1.143362654968328 1.2198114637144108 
1.1729000722496636	1.1352215527281613 1.2108834198855094 
1.186147918826666	1.148958214813411 1.2236321299773785 
1.1968452882932528	1.158287775110822 1.2356829278774675 
1.230878783012712	1.1920606552507869 1.2699635434664884 
1.2006601435042648	1.1631266245133025 1.238464559532779 
1.260986967942546	1.2223587856943505 1.2998852640699123 
1.1910849199845812	1.1534507196355206 1.228970479132279 
1.2014408032292545	1.1625980215754008 1.240566736897668 
1.1868167780928702	1.1478452112543203 1.2260692991853048 
1.2106916723616237	1.171496636726894 1.2500924526141015 
1.2103809748631114	1.171262698951974 1.2496688869576915 
1.1921083675503317	1.1539832348388483 1.2304727474827655 
1.1962881642991139	1.1571944749234946 1.2356261025437547 
1.2521452421584283	1.2145270887169315 1.290023000873612 
1.2263190546663179	1.1883473800828663 1.2645856425892834 
1.217698568988608	1.1780920850660248 1.2575827420517343 
1.2546362672667233	1.2151199301378783 1.294374288485554 
1.2061426866671572	1.1681248313495354 1.2444506280330558 
1.1878828288215733	1.1491860926798039 1.226834286922768 
1.2421682823366775	1.2038432561164505 1.2808688592694875 
1.1846833754969688	1.1465665198731576 1.2230462084756166 
1.2486865068279625	1.2097895798734444 1.287798448687548 
1.2288738937395174	1.1909434162173118 1.2670516152164848 
1.2012738397667313	1.1641517573088314 1.2387109919938688 
1.2620215620610449	1.2235330990118982 1.3007084367889536 
1.2351575739426102	1.195418212924712 1.2750845240765734 
1.2370158183737119	1.1975420269718073 1.2767893789229172 
1.200176559504673	1.1611665453751627 1.2394647285894445 
1.200615805057098	1.1631036229114522 1.2383497399618884 
1.2155312078092975	1.1776399570892055 1.2537742378375696 
1.2157769532146896	1.1755809168935136 1.2562315412590082 
1.2002596270971726	1.1608550884486706 1.2398736577629694 
1.2083585311239244	1.1703556603058622 1.2466642794495808 
1.2285099246351012	1.1876800163008516 1.2696016255326397 
1.2477425942357703	1.2094621119139084 1.286302255667987 
1.1883408074098003	1.1496342962010684 1.2272500220265363 
1.2839674093698257	1.246618275499354 1.321741374533803 
1.1950763484936955	1.1565924621099755 1.2337547290133393 
1.1809520172316252	1.141572252390472 1.2205466989768476 
1.2055543882737694	1.1685427850143755 1.242892400934872 
1.2490158786350516	1.2101206636455875 1.2881760055025966 
1.2306569279914295	1.195499994493629 1.2662207192488764 
1.186339025998181	1.148808611296712 1.224108562719742 
1.2312370400828088	1.1923533617034732 1.2703580848813565 
1.2075597377056506	1.1688635727258023 1.2464331206496437 
1.2013409099065675	1.1628849719191883 1.2400974278330903 
1.2135913439272163	1.1757731957924245 1.2516755571489546 
1.209116908198737	1.171402934607688 1.2470575043550904 
1.1769323113664296	1.1379951354518811 1.2160672398586045 
1.1857639416703485	1.1456753901961367 1.2261165739535 
1.2219724993724441	1.1832868821305542 1.2609518275760503 
1.2045736711817498	1.1666186494501285 1.2428542158670597 
1.2264117144473021	1.188419821768186 1.2646458964879983 
1.2203672501347902	1.1815027738317625 1.2594895099977477 
1.2143664452803213	1.174007747291947 1.254882702601218 
1.2452610746828856	1.2075058355411303 1.2833000092704205 
1.2115584610233034	1.1724903365569188 1.2509314492153405 
1.2081083271519975	1.169932675650992 1.246542016187409 
1.2210855288454194	1.1810270916360495 1.2613723425220051 
1.2264842020968447	1.1871330923198995 1.2660861929608163 
1.22742884899415	1.1884263006045104 1.2666527600145303 
1.2179861481631868	1.180329938500148 1.2559470439386315 
1.2416547989115903	1.2038954893131717 1.2796395505636342 
1.1959447080204457	1.1572384260409831 1.2348919165715948 
1.1927161520582634	1.1540580567181336 1.231537740960631 
1.1775458927290614	1.1394606908123268 1.2157811444861006 
1.2276944396004643	1.1884156837264324 1.267189404042059 
1.2012193430558376	1.1638613448814403 1.2388777073039061 
1.2159767202580114	1.178070675387994 1.25422731906025 
1.2172721164702502	1.1795384430152125 1.2552546976445025 
1.2874917877101286	1.2470966359912246 1.3281078553499348 
1.210622221767023	1.1709219389453525 1.2505999679857442 
1.232709531013756	1.1944787936952852 1.271226294755666 
1.1648054921511006	1.1266867298829064 1.203151712377683 
1.2212766488094382	1.1833410176119346 1.2595007624005539 
1.2223655169700987	1.1842061796341679 1.2607274362984238 
1.2146460310830236	1.1748528280658024 1.2546981323652404 
1.221401464193252	1.1829893197539987 1.260091741085366 
1.2250288742253057	1.1861398462848376 1.2642624080228755 
1.201230505197304	1.1638323519870832 1.2389035987929538 
1.202578273316771	1.1638966124038155 1.2415610745876364 
1.2298753453329312	1.1919384290563626 1.2680264031006052 
1.2032477683687763	1.1659427488255083 1.2408279597501348 
1.2124349086762138	1.1758537148008772 1.2493131351264188 
1.210840502522045	1.1735446969678545 1.2483604373464008 
1.2335304021464053	1.1952291592535542 1.2721269209019241 
1.1838832155965826	1.1459501006958248 1.22207000092702 
1.2411965027842897	1.2024094739050215 1.2802900917843556 
1.1994958490518584	1.1610061975186474 1.2382609464084158 
1.2041488758925452	1.164983321879537 1.2436037590634799 
1.2013529290003486	1.1617092975160004 1.2411412411162002 
1.2113216372457192	1.1718538771781004 1.2510469373744557 
1.1519638053447834	1.114029476021114 1.1901602669406262 
1.2007156939431098	1.1605766519831877 1.2410615131209672 
1.201050631121779	1.1619228101900887 1.2403836311132639 
1.200088065719463	1.1621147700236112 1.2383061316322919 
1.226846054173464	1.189126808490398 1.2648143544238895 
1.2227220601647915	1.186546842921171 1.2592469175373262 
1.2159014665637162	1.1766201167274841 1.2554542101538546 
1.1712227514263418	1.1319521211091672 1.210753036938843 
1.2105621134097462	1.173602133105147 1.247810992695804 
1.2551901026729173	1.2166173849590498 1.2939947775183174 
1.2176584996526767	1.1801659649306755 1.2553839965411087 
1.1889545673073045	1.1500662454055675 1.2281010695433774 
1.2119666490075498	1.1746314856810356 1.2496051205773928 
1.224045584826339	1.1873543309024277 1.2610342762712006 
1.2121680564543627	1.1730985521402184 1.2514069308791473 
1.2161076027156181	1.1767471077855112 1.2557435210662597 
1.2539018007248857	1.2143928978363268 1.2937165782060291 
1.181550449998597	1.1414023222092835 1.2219367134223182 
1.2307067641272764	1.192857906107142 1.268839634852566 
1.2079485199931437	1.1691525030838004 1.2469762752646592 
1.2281465156390392	1.189810006538634 1.2667619657026825 
1.2315409488851057	1.193456973982405 1.2698826447168963 
1.2295567404141883	1.1916333541987327 1.267812880315515 
1.1934678778375991	1.1549217614568743 1.2322551348024655 
1.239512486651032	1.2014684840226355 1.2778424392473247 
1.2473654241565846	1.207956025571945 1.287002271332991 
1.2582251967786167	1.2196205356138041 1.297092589101036 
1.2379874650158658	1.197962008519389 1.2782515320186953 
1.2530360904434694	1.2153847815958396 1.2910429357708981 
1.174093294182422	1.1344206720000396 1.2139704025793974 
1.218772695572144	1.179397759018813 1.2583724655249253 
1.2023909422336618	1.163688273662352 1.2413898970149417 
1.1936669468565166	1.1555829642769542 1.2320198033621015 
1.220744995567943	1.1829146407316997 1.258885855148566 
1.2638525635908637	1.223568911780538 1.3043612599541534 
1.2181032315171596	1.1800769589031381 1.2564461467522134 
1.2107641594568836	1.1703920696209973 1.251352210661702 
1.2282758695718143	1.1898816310962843 1.266914583010778 
1.2028756052420086	1.1642820036971355 1.2417283264339032 
1.198548720525858	1.160031210142794 1.2373515720793582 
1.2394818367365086	1.2013975468615359 1.2778807450579124 
1.1772599583625527	1.1393081497647874 1.2154812536825577 
1.1916430703967122	1.154350701025552 1.2292563663394716 
1.2254596145989367	1.186612377971012 1.2645790943461719 
1.1883211219440648	1.1499300645817416 1.227003214652189 
1.2014293984228652	1.162484886096754 1.2406169979831523 
1.2758639796418565	1.2395923765533015 1.3124472472242683 
1.2368527471865673	1.1986481443810917 1.2753371129404982 
1.207203635904938	1.168183312366622 1.2464852346321516 
1.1944893572813593	1.157431241628353 1.2318392085130578 
1.215967243556058	1.1772989948004122 1.2549571866459983 
1.2092886185848606	1.1720011658847673 1.2468564037264112 
1.215527690115922	1.1759448971942594 1.255340059979447 
1.214271087277954	1.17464463936717 1.2542066247459698 
1.2454580157954842	1.206669025252215 1.2844925211613099 
1.2338040120564042	1.1959801300348385 1.2718947177977518 
1.2049394217907523	1.1674412280441706 1.242736096755865 
1.1674161681480553	1.1288255548685364 1.2062111656750734 
1.238196915915249	1.1997715769590211 1.2768806027422204 
1.1626728785742166	1.125006741595256 1.200660275854852 
1.2452182367369735	1.2050515750667945 1.285678975189866 
1.225283503629879	1.18778792075241 1.263060084096728 
1.1785617998687812	1.1389456455948308 1.2184954095818301 
1.2055978125460132	1.1670665346979954 1.2443971521208228 
1.226084115958819	1.1870085925990137 1.2654475683709028 
1.2409992091098299	1.2036366961753369 1.278637328491187 
1.2159942214775945	1.1770697905681378 1.2551747561651383 
1.222407094973617	1.1830659613503764 1.262118007031929 
1.204716752271711	1.1663583342302601 1.2433502580756308 
1.1874032961376313	1.1497382916552752 1.225339248182876 
1.1972212204716335	1.1600141507743014 1.2346935855876924 
1.210812580067386	1.1716261998068098 1.250168537302332 
1.2206057953021534	1.1835588521865887 1.2579266780791265 
1.2224170183758063	1.1821533082045266 1.2629001372993618 
1.2223307162776016	1.1841980242021013 1.2607639633921215 
1.1844975045943285	1.1465932373816816 1.2226986988011406 
1.2007652197800138	1.1625260193769344 1.2392814579455367 
1.2165910860009181	1.1786694328038143 1.2547465409550296 
1.222132315694395	1.1831204431403237 1.2614023990868701 
1.233808769488514	1.1964071186915541 1.271505083288632 
1.225197348243266	1.1856742972325456 1.26495747472707 
1.2071857882961392	1.1707349370665767 1.24399494887362 
1.2535007828125169	1.2161490373402393 1.2911125326687405 
1.220478041012397	1.182764597165971 1.2584697820978965 
1.1911494006459349	1.154731850617368 1.2278536319118314 
1.2151029636781632	1.1771471052526161 1.253324146134001 
1.2190959053034789	1.1796116266282295 1.2588497015176547 
1.2258903069521383	1.187316433989257 1.2646859343222223 
1.229675195534836	1.1894089332478552 1.2702147033995574 
1.1862533299506643	1.1482383964180807 1.22451308873036 
1.2305096535786813	1.1929272065257521 1.2683880416524653 
1.2013969698137537	1.1638297797926493 1.2391789479408606 
1.1784461314570085	1.1385858474696888 1.2184889838923567 
1.195003993284346	1.1558260701443024 1.2343835349848788 
1.2553714334700234	1.2159997455419977 1.295003213693155 
1.205776591593148	1.1674729375491757 1.244296484753361 
1.2021226389171644	1.1637898211750333 1.2407108658560684 
1.2167300790178939	1.1779058296272928 1.2557414639982896 
1.226760162211644	1.1866719758146784 1.2670700115131965 
1.1902641022918554	1.151724094406354 1.229123814726472 
1.2341973057595854	1.1954418817965833 1.2731318113069667 
1.230376805751702	1.1897828801073083 1.2711827111421372 
1.1793423833554346	1.1412323767819417 1.217750933359698 
1.1577882134353263	1.1204045028729668 1.195430935636686 
1.1943344975192947	1.1548346805477396 1.2340299552186114 
1.225789859721589	1.1870262467450328 1.2647629317823064 
1.2430093268152749	1.2038212127863503 1.2825108189407919 
1.2108415922675926	1.1727725517214984 1.2491492951391279 
1.2234108223979199	1.184307360951881 1.2627909849202958 
1.2395672893314897	1.2016269713426517 1.277745692836787 
1.2393291336626087	1.202126381961094 1.2767658210084032 
1.2305407723438657	1.1916494860738023 1.2697351294791348 
1.2205027304387068	1.1824368170858899 1.2588234139190793 
1.2219893257788284	1.1825321246692313 1.2617505687889978 
1.213597406263451	1.1739540663729973 1.2534349725217695 
1.1952309992707606	1.1561986295090037 1.2345027667243134 
1.2243455061504978	1.1873562216113303 1.261616808265618 
1.1970881795018864	1.1577257208541603 1.236702536963032 
1.154253741312786	1.1165189186002444 1.192200451617654 
1.1890987080943332	1.1511848008028305 1.2272714714697845 
1.173224212488189	1.1348995190646376 1.2118589965472866 
1.19599740085173	1.157238949618962 1.2349799157517964 
1.1725145383773983	1.134181761832968 1.2110651710860572 
1.2236854873364222	1.1862641734101622 1.2614211547687475 
1.2112884345141257	1.1728151314948638 1.2500146575178088 
1.231376647325649	1.1940282772253654 1.2689782964429699 
1.2186981881879748	1.180177337960049 1.257479448230343 
1.2347247593386896	1.196366158941115 1.2733687190196485 
1.2146857194403313	1.1748216617978564 1.2547747292760618 
1.2307760906051766	1.1927649498714037 1.2690145905420063 
1.2279390335803477	1.1906884575542276 1.265449480411211 
1.2292982172810465	1.191154344603179 1.2676614627183116 
1.2101585982599488	1.1705040871667192 1.2500102025707145 
1.1955123548488167	1.1591795355153678 1.2321444736813647 
1.214758300796143	1.1751475722795075 1.2546565157765268 
1.2099001914160616	1.1711821063930201 1.2489179120950569 
1.2438165419424871	1.204979836156431 1.282934494499521 
1.197236826755212	1.157961455644172 1.2367770235589568 
1.2641721568136248	1.2251822200089204 1.303394625332132 
1.217083890193052	1.179147817041943 1.255251531454749 
1.2286284076992264	1.1902865073851332 1.26725530394163 
1.130633636252569	1.0926683994181694 1.16882416224604 
1.1932377496398339	1.1546540147872892 1.2320276606400766 
1.1845545910731938	1.147000057884311 1.2224406568717836 
1.1967394706030412	1.1575591458186951 1.236121167830077 
1.186452646812285	1.1478199508617979 1.2253354905579195 
1.219291382386847	1.1806063035626397 1.2581972110177626 
1.2239248954765485	1.1856052180427141 1.2624512659208984 
1.1844505469723243	1.143819088308828 1.2252224575092872 
1.1584447937177846	1.1187396844987139 1.1983962617374537 
1.216442932699965	1.179483558455578 1.2536540818313804 
1.216904460195677	1.1787047344195498 1.2553993039501714 
1.212536819789494	1.173597037277759 1.2517577973714507 
1.1983317289019648	1.1608579661502454 1.2360899210938945 
1.2373683663065649	1.199346579461221 1.2757332520279179 
1.1868410781000918	1.1494211020840222 1.2245457618226383 
1.2103588276297592	1.1719673450794423 1.2489615086075498 
1.2207070240004116	1.1838373258287036 1.2578298714580762 
1.2345379590165557	1.1960302446685394 1.2732918592014206 
1.2357098036561536	1.1969421861264682 1.274724316650036 
1.303935232230039	1.2650160349975335 1.343135779341933 
1.2283129109242639	1.189455341844285 1.2674040205067176 
1.2211682182438746	1.1850892656757952 1.2575203171245513 
1.2289620959485001	1.1889170532161821 1.2692543094226953 
1.1931488319604784	1.1547788096079639 1.2317636001996448 
1.2358760152506094	1.198337561496652 1.2736397740604373 
1.23076987897069	1.192686691069554 1.2691159972573602 
1.2313292480441065	1.1936724904897 1.269360145462162 
1.2292890234719347	1.19015457946741 1.2686276648653125 
1.2369604571311508	1.1984828534816683 1.275689967974167 
1.2180720849784756	1.1798694408014692 1.2565636253567432 
1.20573483008702	1.167186578794629 1.2445586535645616 
1.2302271958245004	1.1924385254649343 1.2683017813119735 
1.1808817282195256	1.1441179908223387 1.2179017755976633 
1.199127169056259	1.1610150864156465 1.2375377306720525 
1.2371546117246126	1.197440727992011 1.2771094856898744 
1.2100342520517189	1.173755018123934 1.2466096409815102 
1.232198511521507	1.192708360188389 1.2719308894461405 
1.1908954682936446	1.1537056380133093 1.2283466070906637 
1.262440750332543	1.2237177315817505 1.3014667396259239 
1.2134251079518397	1.1748200690376316 1.2522707816390297 
1.1860781612662108	1.1483066891533427 1.2240938893026372 
1.197212353948822	1.1593603201437874 1.2353100878237968 
1.2028852367942693	1.164080628025512 1.2419078393523084 
1.2097581906461874	1.1721375406034262 1.2476135297012454 
1.1967394345391287	1.1579886314433443 1.235791840005179 
1.1851287678114921	1.1471026702666074 1.2233811738252636 
